50
55.9072 19.3798 20997.5
92.4054 40.2008 149337
91.917 34.7662 111099
12.4174 61.14 46417.5
31.4414 76.5666 184324
47.0704 28.4204 38019.6
9.16356 98.5355 88971.2
10.995 83.7152 77055.4
51.7339 88.3442 403767
23.5858 10.097 2404.57
55.2455 97.5216 525410
45.359 74.5477 252076
90.0287 14.8757 19922.2
11.4936 49.7537 28451.7
57.6563 46.6873 125674
73.1652 97.8873 701063
35.3217 86.4768 264144
21.4606 15.7741 5339.85
84.5494 1.86832 295.129
86.3775 95.7893 792564
72.881 74.2918 402250
70.301 91.3977 587263
73.6942 65.9855 320870
13.8301 72.0735 71841.8
30.5915 65.0174 129318
91.2562 43.0112 168821
28.7262 10.2708 3030.3
31.9183 13.697 5988.16
37.2783 50.4788 94989.2
91.7253 28.0127 71978
43.9242 61.1165 164067
10.6108 40.9905 17828.4
62.6203 22.6641 32165.7
58.4911 78.2129 357806
4.33439 36.6221 5813.21
36.7445 6.04466 1342.57
84.9378 27.265 63141.2
66.6185 91.013 551825
15.9006 23.6928 8925.83
46.5285 66.4816 205647
15.5782 73.1727 83409.6
22.1051 74.3648 122244
10.7167 84.4878 76497.7
65.3282 59.6423 232386
56.3562 23.5557 31270.5
12.9173 7.54663 735.664
22.8325 15.6644 5602.49
8.94518 69.9621 43783.9
1.48306 31.8708 1506.41
5.32144 80.7009 34656.6
